,geohash
0,882d6ca267fffff
1,882d6dda0bfffff
2,8811936b31fffff
3,882d6dd02bfffff
4,882d6cb097fffff
5,882d6ca64bfffff
6,882d6ca201fffff
7,882d6ca231fffff
8,882d6dd181fffff
9,882d6dd0c7fffff
10,882d6ca46dfffff
11,882d6ca517fffff
12,882d6ca751fffff
13,882d6dd1c9fffff
14,882d6dd369fffff
15,882d6ca049fffff
16,882d6cb1d9fffff
17,882d6cb0c1fffff
18,882d6dd199fffff
19,882d6cb43dfffff
20,882d6ca769fffff
21,882d6cb0bdfffff
22,882d6ca66dfffff
23,882d6dd32dfffff
24,882d6dd145fffff
25,882d6dd161fffff
26,882d6ca625fffff
27,882d6cb0e3fffff
28,882d6ca41bfffff
29,882d6dd147fffff
30,882d6ca533fffff
31,882d6cb0d3fffff
32,882d6cb1bbfffff
33,882d6ca629fffff
34,882d6ca697fffff
35,882d6cb0edfffff
36,88119368b7fffff
37,8811936a67fffff
38,882d6ca6bdfffff
39,882d6dc217fffff
40,882d6dd33bfffff
41,881193692dfffff
42,882d6dd15dfffff
43,882d6ca243fffff
44,882d6dd01dfffff
45,882d6cb683fffff
46,882d6ca483fffff
47,882d6ca2a3fffff
48,882d6dd043fffff
49,882d6cb565fffff
50,882d6ca2cbfffff
51,882d6dd325fffff
52,882d6cb6a5fffff
53,882d6dda03fffff
54,882d6ca56bfffff
55,882d6dd1c3fffff
56,882d6dd231fffff
57,882d6cb543fffff
58,8811936a6dfffff
59,882d6ca28dfffff
60,882d6cb021fffff
61,882d6ca569fffff
62,882d6ca617fffff
63,882d6ca615fffff
64,881193690dfffff
65,8811936a33fffff
66,882d6ca249fffff
67,882d6cb58dfffff
68,8811936987fffff
69,882d6dd2a1fffff
70,882d6dd0a3fffff
71,882d6ca6a5fffff
72,882d6ca733fffff
73,88119369d3fffff
74,882d6ca22dfffff
75,8811936aa5fffff
76,8811936835fffff
77,882d6dd1e9fffff
78,8811936823fffff
79,882d6dd26bfffff
80,882d6dd19bfffff
81,882d6dd355fffff
82,882d6cb5b1fffff
83,882d6dd033fffff
84,88119369d7fffff
85,882d6ca635fffff
86,882d6dd237fffff
87,882d6dd0a9fffff
88,88119369c7fffff
89,881193691dfffff
90,882d6cb68bfffff
91,882d6ca4e5fffff
92,8811936b0dfffff
93,882d6dd23dfffff
94,882d6dd0d5fffff
95,882d6ca2b7fffff
96,882d6cb0a1fffff
97,882d6dd165fffff
98,882d6ca4cbfffff
99,882d6cb5c9fffff
100,882d6caed9fffff
101,882d6cb1dbfffff
102,882d6dda69fffff
103,882d6ca6d9fffff
104,882d6dd0b7fffff
105,882d6cb4e3fffff
106,882d6ca601fffff
107,882d6ca285fffff
108,882d6ca0c5fffff
109,882d6dd2abfffff
110,882d6ca4a3fffff
111,882d6ca481fffff
112,882d6dd1dbfffff
113,882d6cb495fffff
114,882d6ca487fffff
115,8811936b5bfffff
116,882d6ca407fffff
117,882d6dd245fffff
118,882d6dd053fffff
119,882d6ca6a3fffff
120,88119369c9fffff
121,8811936983fffff
122,882d6ca669fffff
123,882d6dc26bfffff
124,882d6ca723fffff
125,88119368c7fffff
126,8811936b0bfffff
127,88119369e9fffff
128,882d6dd1a9fffff
129,882d6cb03bfffff
130,882d6cb0d5fffff
131,882d6ca2bdfffff
132,882d6dda5dfffff
133,882d6ca699fffff
134,882d6dd205fffff
135,882d6ca205fffff
136,882d6cb731fffff
137,8811936815fffff
138,882d6cb193fffff
139,882d6dd187fffff
140,882d6cb551fffff
141,882d6cb687fffff
142,882d6dd34dfffff
143,882d6ca5e5fffff
144,882d6cb5c1fffff
145,882d6ca547fffff
146,8811936947fffff
147,882d6ca0ddfffff
148,882d6dda4bfffff
149,882d6ca49dfffff
150,882d6ca269fffff
151,882d6dd23bfffff
152,882d6cb4b7fffff
153,882d6ca4b5fffff
154,8811936913fffff
155,882d6ca52bfffff
156,882d6cb0cbfffff
157,882d6ca65bfffff
158,882d6cb4bbfffff
159,882d6dd08dfffff
160,882d6dd045fffff
161,882d6cb6adfffff
162,882d6ca457fffff
163,882d6dd193fffff
164,882d6ca289fffff
165,882d6dd133fffff
166,882d6ca4e1fffff
167,882d6dd201fffff
168,882d6cb4d9fffff
169,882d6dd131fffff
170,882d6cb4abfffff
171,882d6dc2edfffff
172,882d6cb0c7fffff
173,8811936b21fffff
174,882d6ca09dfffff
175,882d6cb6bdfffff
176,882d6cb4ebfffff
177,8811936ae5fffff
178,882d6ca0cbfffff
179,882d6cb0d1fffff
180,882d6cb695fffff
181,882d6ca28bfffff
182,882d6cb463fffff
183,882d6ca25bfffff
184,882d6dda51fffff
185,881193693bfffff
186,8811936821fffff
187,882d6ca6a9fffff
188,882d6caed1fffff
189,882d6dd20dfffff
190,882d6dc201fffff
191,882d6ca23bfffff
192,882d6cb0adfffff
193,882d6dd25bfffff
194,882d6cb0a9fffff
195,882d6cb5b7fffff
196,882d6ca557fffff
197,8811936949fffff
198,882d6dd149fffff
199,882d6dd113fffff
200,882d6ca297fffff
201,882d6dd083fffff
202,882d6ca2a5fffff
203,881193681bfffff
204,882d6dd243fffff
205,882d6dd31bfffff
206,882d6cb511fffff
207,882d6dc255fffff
208,882d6dd35dfffff
209,8811936885fffff
210,882d6cb513fffff
211,882d6dd225fffff
212,882d6ca013fffff
213,882d6cb5c3fffff
214,882d6ca53dfffff
215,882d6cb467fffff
216,882d6cb003fffff
217,882d6cb457fffff
218,882d6ca5edfffff
219,8811936b55fffff
220,882d6ca735fffff
221,882d6cb567fffff
222,882d6dc203fffff
223,882d6ca76bfffff
224,882d6cb523fffff
225,8811936837fffff
226,882d6dd0e3fffff
227,882d6dd14dfffff
228,882d6ca4c9fffff
229,882d6cb509fffff
230,882d6ca459fffff
231,882d6ca437fffff
232,882d6cb6e5fffff
233,882d6ca639fffff
234,882d6dc227fffff
235,882d6cb4a3fffff
236,882d6cb2a7fffff
237,882d6cb735fffff
238,882d6ca469fffff
239,882d6dd04bfffff
240,882d6cb6a1fffff
241,882d6cb501fffff
242,882d6cb0dbfffff
243,8811936b33fffff
244,882d6dd1ebfffff
245,882d6ca563fffff
246,882d6ca059fffff
247,882d6dd0b5fffff
248,881193698bfffff
249,882d6ca0c3fffff
250,882d6dd09dfffff
251,8811936857fffff
252,882d6ca593fffff
253,882d6cb439fffff
254,882d6cb4cbfffff
255,882d6cb5e1fffff
256,882d6dd05dfffff
257,882d6dd031fffff
258,8811936b3dfffff
259,882d6cb5cdfffff
260,882d6dc22bfffff
261,882d6cb5c5fffff
262,8811936807fffff
263,882d6dda6bfffff
264,882d6dd343fffff
265,882d6ca6b7fffff
266,882d6dd0b1fffff
267,8811936b5dfffff
268,882d6dd2e5fffff
269,882d6dd151fffff
270,882d6dd14bfffff
271,882d6cb033fffff
272,882d6cb69dfffff
273,882d6dc267fffff
274,882d6dda41fffff
275,882d6dd001fffff
276,882d6cb0a5fffff
277,8811936b65fffff
278,882d6ca6c3fffff
279,8811936b13fffff
280,882d6dd2b3fffff
281,882d6dd189fffff
282,88119368ebfffff
283,882d6ca695fffff
284,882d6dd0c1fffff
285,882d6dd0ebfffff
286,882d6ca4bbfffff
287,88119369c3fffff
288,882d6ca49bfffff
289,882d6cb53bfffff
290,882d6dd2a9fffff
291,882d6dc25bfffff
292,882d6dd051fffff
293,882d6ca083fffff
294,882d6ca43bfffff
295,882d6ca44dfffff
296,882d6dd1c7fffff
297,882d6dd0cbfffff
298,882d6ca5c9fffff
299,882d6cb083fffff
300,8811936b47fffff
301,8811936b37fffff
302,882d6cb4a9fffff
303,882d6cb53dfffff
304,882d6ca591fffff
305,882d6ca631fffff
306,882d6ca5cbfffff
307,882d6dc23dfffff
308,882d6dd1d9fffff
309,882d6dd10dfffff
310,882d6dc263fffff
311,882d6dd06dfffff
312,882d6ca657fffff
313,882d6dd329fffff
314,88119368e3fffff
315,882d6dd11dfffff
316,882d6dd027fffff
317,882d6cb195fffff
318,882d6dd0c9fffff
319,881193680dfffff
320,8811936953fffff
321,8811936813fffff
322,882d6dc209fffff
323,882d6ca2a9fffff
324,882d6ca5e9fffff
325,882d6dd349fffff
326,882d6cb5adfffff
327,882d6cb41dfffff
328,882d6dd34bfffff
329,882d6dd1ddfffff
330,8811936911fffff
331,8811936997fffff
332,8811936989fffff
333,88119369e1fffff
334,882d6cb697fffff
335,882d6ca5cdfffff
336,882d6cb727fffff
337,882d6dd263fffff
338,882d6cb0b5fffff
339,88119369cdfffff
340,882d6cb007fffff
341,882d6ca295fffff
342,882d6ca529fffff
343,882d6cb5b5fffff
344,882d6dc21dfffff
345,882d6cb197fffff
346,882d6ca757fffff
347,882d6ca211fffff
348,882d6ca48bfffff
349,882d6dda55fffff
350,882d6dd217fffff
351,882d6ca633fffff
352,882d6ca511fffff
353,8811936923fffff
354,882d6ca765fffff
355,882d6ca661fffff
356,882d6dd1cbfffff
357,882d6ca4e9fffff
358,882d6ca68dfffff
359,882d6cb5c7fffff
360,882d6ca0d5fffff
361,882d6cb491fffff
362,882d6cb09bfffff
363,882d6ca2d9fffff
364,882d6cb0e5fffff
365,882d6dd025fffff
366,882d6dd2a5fffff
367,882d6ca23dfffff
368,882d6dda1bfffff
369,882d6dd2edfffff
370,882d6cb407fffff
371,882d6ca4b7fffff
372,882d6dc25dfffff
373,882d6dc211fffff
374,882d6cb413fffff
375,882d6dd1edfffff
376,882d6dd119fffff
377,882d6ca213fffff
378,882d6ca51dfffff
379,882d6cb6b3fffff
380,88119369c5fffff
381,882d6cb023fffff
382,882d6ca2e7fffff
383,882d6ca453fffff
384,882d6dda61fffff
385,881193686dfffff
386,882d6dda19fffff
387,882d6dd107fffff
388,88119369bdfffff
389,882d6ca767fffff
390,882d6ca6ddfffff
391,88119369d5fffff
392,882d6dd127fffff
393,882d6dd365fffff
394,882d6cb415fffff
395,882d6dd08bfffff
396,882d6dd0edfffff
397,882d6dd26dfffff
398,882d6cb6e7fffff
399,881193684bfffff
400,882d6cb1b3fffff
401,882d6cb5ebfffff
402,8811936a2dfffff
403,882d6dd36dfffff
404,882d6dd347fffff
405,882d6cb553fffff
406,8811936b27fffff
407,882d6dd157fffff
408,8811936881fffff
409,882d6cb487fffff
410,882d6dd25dfffff
411,882d6dd319fffff
412,882d6cb481fffff
413,882d6dd091fffff
414,8811936929fffff
415,882d6ca6ebfffff
416,882d6ca4ddfffff
417,882d6cb6b1fffff
418,882d6dd32bfffff
419,88119369b1fffff
420,882d6ca26dfffff
421,882d6ca73dfffff
422,882d6ca613fffff
423,882d6cb693fffff
424,882d6ca413fffff
425,882d6ca71bfffff
426,882d6ca2edfffff
427,882d6cb085fffff
428,882d6ca753fffff
429,8811936843fffff
430,882d6cb037fffff
431,882d6cb4e5fffff
432,882d6cb013fffff
433,882d6dd1adfffff
434,882d6dd249fffff
435,882d6ca54dfffff
436,882d6cb58bfffff
437,882d6ca6c5fffff
438,88119368adfffff
439,882d6cb017fffff
440,882d6ca219fffff
441,882d6cb5bdfffff
442,882d6ca31bfffff
443,882d6dd209fffff
444,882d6cb01bfffff
445,882d6dd197fffff
446,882d6ca72dfffff
447,8811936b69fffff
448,882d6ca4c1fffff
449,882d6dd097fffff
450,882d6cb589fffff
451,882d6dd0abfffff
452,882d6dc22dfffff
453,882d6ca2b1fffff
454,882d6cb0abfffff
455,882d6ca2b9fffff
456,882d6cb427fffff
457,88119368a7fffff
458,882d6ca543fffff
459,882d6cb5d3fffff
460,88119369e7fffff
461,8811936853fffff
462,8811936b4bfffff
463,882d6cb4ddfffff
464,882d6ca6adfffff
465,882d6ca4abfffff
466,882d6cb287fffff
467,882d6ca2e9fffff
468,882d6dd13bfffff
469,882d6dd303fffff
470,882d6ca405fffff
471,8811936941fffff
472,882d6ca6d1fffff
473,882d6ca4ebfffff
474,882d6ca263fffff
475,882d6dc239fffff
476,882d6ca2c5fffff
477,882d6dc261fffff
478,8811936841fffff
479,8811936849fffff
480,88119369a9fffff
481,882d6ca251fffff
482,882d6cb433fffff
483,882d6ca445fffff
484,882d6dd135fffff
485,882d6dd10bfffff
486,882d6ca22bfffff
487,8811936845fffff
488,882d6cb4b1fffff
489,88119368b9fffff
490,8811936b19fffff
491,882d6cb537fffff
492,882d6ca607fffff
493,882d6dd2c5fffff
494,882d6cb51bfffff
495,882d6cb5bbfffff
496,882d6ca711fffff
497,882d6ca0d9fffff
498,882d6dd03bfffff
499,882d6cb5d1fffff
500,882d6dd257fffff
501,882d6ca6d7fffff
502,882d6cb503fffff
503,882d6ca70dfffff
504,882d6dd0bbfffff
505,8811936b25fffff
506,882d6cb1c9fffff
507,882d6cb0b7fffff
508,882d6cb5e5fffff
509,882d6ca0dbfffff
510,882d6ca501fffff
511,882d6cb2b3fffff
512,882d6dd337fffff
513,882d6ca2e1fffff
514,882d6dd357fffff
515,882d6cb4cdfffff
516,881193684dfffff
517,882d6cb5a5fffff
518,882d6ca2c9fffff
519,88119369dbfffff
520,882d6cb039fffff
521,8811936b09fffff
522,882d6ca641fffff
523,881193696dfffff
524,882d6ca6e7fffff
525,882d6ca6bbfffff
526,882d6cb533fffff
527,881193699bfffff
528,882d6cb09dfffff
529,882d6ca6e9fffff
530,882d6cb437fffff
531,881193680bfffff
532,882d6dd099fffff
533,882d6cb0b1fffff
534,882d6cb4a1fffff
535,882d6ca447fffff
536,882d6ca60dfffff
537,882d6ca747fffff
538,88119368b1fffff
539,882d6cb41bfffff
540,8811936839fffff
541,8811936a69fffff
542,882d6dd0d1fffff
543,882d6dc215fffff
544,882d6dda47fffff
545,882d6dd313fffff
546,882d6ca75bfffff
547,882d6cb535fffff
548,882d6ca2c1fffff
549,882d6dd125fffff
550,882d6ca2abfffff
551,882d6ca6d5fffff
552,882d6ca48dfffff
553,8811936933fffff
554,882d6dd24dfffff
555,882d6dda09fffff
556,882d6dda0dfffff
557,882d6cb45dfffff
558,882d6ca4bdfffff
559,882d6cb1d7fffff
560,882d6cb595fffff
561,882d6ca421fffff
562,882d6dda5bfffff
563,882d6ca245fffff
564,882d6ca6b3fffff
565,882d6ca539fffff
566,882d6ca729fffff
567,882d6cb725fffff
568,882d6cb411fffff
569,882d6dc221fffff
570,882d6ca281fffff
571,881193698dfffff
572,882d6dd121fffff
573,882d6dd047fffff
574,882d6dd041fffff
575,882d6dd1c5fffff
576,882d6cb6a7fffff
577,882d6dd22dfffff
578,882d6dd353fffff
579,882d6cb0cdfffff
580,882d6cb1ddfffff
581,882d6ca419fffff
582,882d6cb56bfffff
583,88119368e7fffff
584,882d6dd00bfffff
585,882d6dd211fffff
586,882d6ca449fffff
587,8811936937fffff
588,882d6dd301fffff
589,882d6ca6b5fffff
590,882d6cb1d1fffff
591,882d6cb451fffff
592,882d6dd087fffff
593,882d6ca549fffff
594,882d6ca2b3fffff
595,882d6dd0e5fffff
596,882d6ca513fffff
597,882d6cb521fffff
598,882d6cb42bfffff
599,882d6ca60bfffff
600,882d6ca493fffff
601,882d6dd335fffff
602,882d6cb425fffff
603,882d6dd0e9fffff
604,882d6cb42dfffff
605,88119368e9fffff
606,8811936b03fffff
607,882d6ca6cdfffff
608,882d6cb4bdfffff
609,8811936995fffff
610,8811936861fffff
611,882d6cb721fffff
612,882d6ca717fffff
613,8811936965fffff
614,882d6cb4b9fffff
615,882d6ca693fffff
616,882d6ca235fffff
617,882d6dda53fffff
618,882d6ca239fffff
619,882d6cb1b9fffff
620,882d6ca667fffff
621,882d6cb08dfffff
622,882d6ca40dfffff
623,881193686bfffff
624,882d6cb0ddfffff
625,882d6ca4dbfffff
626,882d6ca6b9fffff
627,881193693dfffff
628,882d6cb505fffff
629,882d6cb027fffff
630,882d6cb4c9fffff
631,882d6cb417fffff
632,882d6ca523fffff
633,8811936921fffff
634,882d6ca66bfffff
635,882d6ca2d5fffff
636,882d6cb5a7fffff
637,882d6dd311fffff
638,882d6cb5ddfffff
639,8811936907fffff
640,882d6cb561fffff
641,882d6dd065fffff
642,882d6cb011fffff
643,8811936955fffff
644,882d6cb43bfffff
645,881193694bfffff
646,8811936909fffff
647,882d6ca4a5fffff
648,882d6dd1d1fffff
649,882d6ca6a7fffff
650,882d6cb091fffff
651,882d6ca687fffff
652,882d6ca2c3fffff
653,882d6cb2bdfffff
654,882d6ca663fffff
655,882d6ca74dfffff
656,882d6dd30bfffff
657,882d6ca44bfffff
658,882d6dd0ddfffff
659,882d6ca567fffff
660,8811936b01fffff
661,882d6cb549fffff
662,882d6cb2b1fffff
663,8811936889fffff
664,882d6dda6dfffff
665,88119369e3fffff
666,882d6ca643fffff
667,882d6ca605fffff
668,882d6ca21bfffff
669,882d6dd00dfffff
670,8811936b4dfffff
671,882d6ca725fffff
672,882d6dd2adfffff
673,882d6ca4b9fffff
674,8811936943fffff
675,8811936833fffff
676,882d6ca68bfffff
677,882d6dd01bfffff
678,882d6ca04dfffff
679,882d6ca555fffff
680,882d6cb08bfffff
681,882d6dc229fffff
682,882d6cb5e7fffff
683,882d6dd141fffff
684,88119369b3fffff
685,882d6ca055fffff
686,8811936b59fffff
687,882d6ca2ebfffff
688,882d6ca227fffff
689,882d6cb515fffff
690,882d6ca519fffff
691,882d6cb56dfffff
692,882d6dd139fffff
693,882d6dd247fffff
694,882d6dd2e9fffff
695,881193690bfffff
696,882d6ca5d9fffff
697,882d6cb55dfffff
698,882d6dd1b3fffff
699,88119368a1fffff
700,882d6ca503fffff
701,8811936b43fffff
702,8811936855fffff
703,882d6cb729fffff
704,882d6dc251fffff
705,882d6ca259fffff
706,882d6dd213fffff
707,882d6dc233fffff
708,882d6ca59bfffff
709,8811936a35fffff
710,882d6cb767fffff
711,882d6ca4d7fffff
712,8811936811fffff
713,882d6ca46bfffff
714,882d6cb69bfffff
715,882d6ca665fffff
716,8811936935fffff
717,882d6ca40bfffff
718,882d6dc231fffff
719,882d6ca4d1fffff
720,881193683bfffff
721,8811936939fffff
722,8811936b05fffff
723,882d6ca2d1fffff
724,882d6dd229fffff
725,882d6ca5e1fffff
726,881193685bfffff
727,882d6dc23bfffff
728,882d6dd085fffff
729,8811936867fffff
730,882d6dd02dfffff
731,882d6dd18bfffff
732,882d6ca599fffff
733,882d6dd061fffff
734,882d6ca43dfffff
735,882d6ca5c5fffff
736,88119368a3fffff
737,882d6ca04bfffff
738,8811936919fffff
739,882d6cb6a3fffff
740,882d6cb48bfffff
741,882d6ca0cdfffff
742,882d6dda43fffff
743,882d6ca6c9fffff
744,882d6ca691fffff
745,882d6dda49fffff
746,882d6ca217fffff
747,882d6ca2b5fffff
748,882d6ca465fffff
749,882d6dd123fffff
750,882d6dc269fffff
751,882d6cb015fffff
752,882d6dd155fffff
753,881193696bfffff
754,882d6cb0bbfffff
755,882d6cb499fffff
756,882d6ca41dfffff
757,882d6cb4e9fffff
758,8811936865fffff
759,882d6ca6a1fffff
760,882d6dda45fffff
761,882d6cb4e7fffff
762,8811936a61fffff
763,882d6ca51bfffff
764,882d6ca443fffff
765,882d6ca64dfffff
766,882d6dd095fffff
767,882d6ca551fffff
768,882d6ca293fffff
769,882d6cb569fffff
770,882d6cb525fffff
771,882d6dd059fffff
772,882d6ca74bfffff
773,88119369a3fffff
774,882d6ca467fffff
775,882d6ca6c7fffff
776,882d6dd169fffff
777,882d6dd0b3fffff
778,882d6ca55dfffff
779,882d6cb4a7fffff
780,882d6cb507fffff
781,882d6dd259fffff
782,882d6cb529fffff
783,882d6ca229fffff
784,882d6ca29dfffff
785,882d6cb485fffff
786,882d6dd011fffff
787,882d6ca713fffff
788,882d6dc247fffff
789,882d6dd20bfffff
790,882d6ca081fffff
791,882d6ca5dbfffff
792,882d6dd227fffff
793,8811936863fffff
794,882d6ca221fffff
795,882d6ca05dfffff
796,882d6dd057fffff
797,882d6dd1b1fffff
798,882d6ca499fffff
799,88119368a5fffff
800,88119368a9fffff
801,8811936951fffff
802,882d6ca561fffff
803,882d6dd06bfffff
804,882d6cb5b9fffff
805,882d6ca0d3fffff
806,882d6cb4a5fffff
807,882d6ca05bfffff
808,882d6ca69dfffff
809,882d6ca559fffff
810,882d6cb76dfffff
811,882d6dd1d3fffff
812,882d6ca61bfffff
813,882d6cb2b9fffff
814,882d6dd351fffff
815,882d6dd24bfffff
816,882d6ca043fffff
817,882d6dd11bfffff
818,882d6ca091fffff
819,882d6ca463fffff
820,882d6dc243fffff
821,882d6ca65dfffff
822,8811937997fffff
823,882d6ca4adfffff
824,882d6ca429fffff
825,882d6ca6dbfffff
826,882d6ca2e5fffff
827,882d6dd183fffff
828,882d6ca24dfffff
829,882d6ca73bfffff
830,882d6ca659fffff
831,882d6dda17fffff
832,8811936805fffff
833,882d6ca417fffff
834,882d6cb555fffff
835,882d6dd2bdfffff
836,882d6ca2ddfffff
837,882d6ca283fffff
838,882d6ca707fffff
839,882d6cb2a1fffff
840,882d6cb095fffff
841,882d6ca01dfffff
842,882d6cb585fffff
843,8811936b6bfffff
844,8811936b51fffff
845,882d6cb0ebfffff
846,882d6ca017fffff
847,882d6cb587fffff
848,882d6ca689fffff
849,882d6ca433fffff
850,882d6ca681fffff
851,882d6cb483fffff
852,882d6dd36bfffff
853,882d6cb6b9fffff
854,882d6ca0c1fffff
855,882d6dd241fffff
856,882d6cb087fffff
857,882d6dd265fffff
858,882d6cb4b5fffff
859,882d6ca4a1fffff
860,882d6cb4c5fffff
861,882d6ca653fffff
862,882d6dd331fffff
863,882d6ca71dfffff
864,882d6ca2bbfffff
865,8811936809fffff
866,882d6dc35bfffff
867,882d6cb539fffff
868,8811936959fffff
869,88119369b9fffff
870,882d6cb035fffff
871,882d6cb081fffff
872,882d6cb597fffff
873,8811936887fffff
874,882d6ca5ddfffff
875,882d6cb2abfffff
876,88119368bdfffff
877,882d6cb5e3fffff
878,882d6ca089fffff
879,882d6dd339fffff
880,8811936b15fffff
881,8811936b45fffff
882,882d6ca225fffff
883,8811936b61fffff
884,882d6ca209fffff
885,882d6dd191fffff
886,8811936967fffff
887,882d6cb685fffff
888,882d6ca299fffff
889,882d6cb0e7fffff
890,882d6ca505fffff
891,882d6dd0e7fffff
892,8811936a3bfffff
893,882d6ca50bfffff
894,882d6cb5abfffff
895,882d6dd363fffff
896,882d6ca4a9fffff
897,8811936905fffff
898,882d6ca55bfffff
899,882d6cb4e1fffff
900,882d6dd0a1fffff
901,882d6cb48dfffff
902,8811936859fffff
903,882d6ca603fffff
904,88119369a1fffff
905,882d6dd223fffff
906,882d6dd221fffff
907,882d6ca439fffff
908,882d6cb4c7fffff
909,882d6dd0a5fffff
910,882d6dd305fffff
911,882d6ca683fffff
912,882d6cb51dfffff
913,882d6dd203fffff
914,88119368b3fffff
915,882d6dd285fffff
916,882d6cb089fffff
917,882d6ca597fffff
918,882d6ca647fffff
919,882d6dd1cdfffff
920,882d6ca20bfffff
921,882d6dd56dfffff
922,882d6ca731fffff
923,882d6ca45dfffff
924,882d6dd345fffff
925,882d6cb765fffff
926,882d6ca047fffff
927,882d6dd2a7fffff
928,882d6cb633fffff
929,882d6cb49bfffff
930,882d6ca4c5fffff
931,882d6dd1d5fffff
932,882d6dd143fffff
933,882d6ca0d1fffff
934,882d6ca2a1fffff
935,8811936803fffff
936,882d6cb4adfffff
937,882d6ca531fffff
938,882d6cb4c3fffff
939,88119369cbfffff
940,881193685dfffff
941,882d6ca4cdfffff
942,882d6ca515fffff
943,882d6cb4d5fffff
944,882d6cb093fffff
945,882d6ca20dfffff
946,8811936903fffff
947,882d6ca095fffff
948,8811936b23fffff
949,882d6dd253fffff
950,881193682dfffff
951,882d6ca425fffff
952,8811936b35fffff
953,882d6cb723fffff
954,882d6ca4e3fffff
955,882d6dc219fffff
956,8811936925fffff
957,882d6dd1e3fffff
958,8811936b07fffff
959,882d6ca215fffff
960,882d6dd039fffff
961,882d6ca709fffff
962,882d6dc257fffff
963,88119369d1fffff
964,882d6ca403fffff
965,882d6ca705fffff
966,882d6ca719fffff
967,882d6dd323fffff
968,882d6ca041fffff
969,882d6ca441fffff
970,8811936b67fffff
971,882d6ca62bfffff
972,882d6dd159fffff
973,88119369bbfffff
974,8811936957fffff
975,88119368e5fffff
976,882d6dd269fffff
977,882d6ca703fffff
978,882d6dc207fffff
979,882d6cb2bbfffff
980,882d6cb517fffff
981,882d6cb2a3fffff
982,882d6ca489fffff
983,88119369a7fffff
984,88119368cdfffff
985,882d6cb03dfffff
986,882d6cb737fffff
987,882d6cb4dbfffff
988,882d6ca42dfffff
989,882d6dc26dfffff
990,882d6ca749fffff
991,8811936b11fffff
992,882d6ca233fffff
993,882d6cb50bfffff
994,882d6dd0e1fffff
995,882d6cb73dfffff
996,882d6ca509fffff
997,88119369edfffff
998,882d6dda1dfffff
999,882d6dc205fffff
1000,882d6ca623fffff
1001,88119368edfffff
1002,8811936869fffff
1003,8811936985fffff
1004,882d6cb5d7fffff
1005,882d6dd315fffff
1006,882d6ca0d7fffff
1007,882d6dc20dfffff
1008,882d6ca619fffff
1009,882d6dd307fffff
1010,882d6dd2a3fffff
1011,882d6ca651fffff
1012,882d6dd04dfffff
1013,882d6dd317fffff
1014,882d6ca2adfffff
1015,882d6ca011fffff
1016,882d6cb421fffff
1017,882d6ca63dfffff
1018,882d6ca0bbfffff
1019,882d6dd117fffff
1020,882d6dda13fffff
1021,882d6ca427fffff
1022,88119369ebfffff
1023,882d6ca2e3fffff
1024,8811936831fffff
1025,882d6dd021fffff
1026,882d6cb581fffff
1027,882d6ca565fffff
1028,882d6ca253fffff
1029,882d6cb599fffff
1030,882d6cb691fffff
1031,882d6dc24dfffff
1032,882d6cb45bfffff
1033,882d6ca0c7fffff
1034,882d6ca097fffff
1035,882d6dc223fffff
1036,882d6ca287fffff
1037,8811936801fffff
1038,8811936829fffff
1039,882d6dd0d7fffff
1040,882d6cb72bfffff
1041,882d6cb0d9fffff
1042,882d6cb583fffff
1043,8811936901fffff
1044,882d6cb0b3fffff
1045,882d6ca057fffff
1046,882d6ca431fffff
1047,882d6dd31dfffff
1048,882d6dd1b9fffff
1049,882d6dd111fffff
1050,882d6cb54bfffff
1051,882d6ca759fffff
1052,882d6ca203fffff
1053,8811936b41fffff
1054,882d6cb54dfffff
1055,88119368e1fffff
1056,882d6ca763fffff
1057,882d6ca62dfffff
1058,882d6ca4b1fffff
1059,882d6dd2b5fffff
1060,882d6cb50dfffff
1061,882d6dd029fffff
1062,8811936817fffff
1063,8811936b53fffff
1064,882d6cb403fffff
1065,882d6dd055fffff
1066,882d6ca09bfffff
1067,882d6dc241fffff
1068,882d6ca5c3fffff
1069,882d6cb497fffff
1070,882d6dc20bfffff
1071,882d6dd069fffff
1072,882d6ca611fffff
1073,882d6cb0a3fffff
1074,882d6dda59fffff
1075,882d6dd2b7fffff
1076,882d6ca541fffff
1077,882d6cb031fffff
1078,882d6dd049fffff
1079,882d6ca4c7fffff
1080,882d6ca051fffff
1081,882d6ca045fffff
1082,8811936825fffff
1083,882d6dd13dfffff
1084,882d6cb4c1fffff
1085,882d6ddad3fffff
1086,8811936b1bfffff
1087,882d6dd109fffff
1088,881193691bfffff
1089,882d6ca455fffff
1090,882d6ca29bfffff
1091,882d6cb0b9fffff
1092,882d6dd1e1fffff
1093,882d6cb6b5fffff
1094,882d6ca01bfffff
1095,882d6dd327fffff
1096,882d6cb455fffff
1097,882d6dd1e7fffff
1098,882d6ca4d5fffff
1099,882d6cb593fffff
1100,882d6dd005fffff
1101,882d6cb5dbfffff
1102,8811936b17fffff
1103,882d6dd167fffff
1104,882d6dd30dfffff
1105,882d6ca6c1fffff
1106,882d6ca627fffff
1107,882d6dd2e1fffff
1108,882d6dd359fffff
1109,882d6dd0b9fffff
1110,882d6ca727fffff
1111,882d6ca435fffff
1112,881193694dfffff
1113,882d6dd18dfffff
1114,882d6dd565fffff
1115,882d6cb547fffff
1116,882d6cb2b5fffff
1117,882d6ca4e7fffff
1118,882d6ca4c3fffff
1119,882d6dd35bfffff
1120,882d6dda4dfffff
1121,882d6ca495fffff
1122,882d6dd2ebfffff
1123,882d6dd003fffff
1124,8811936915fffff
1125,882d6cb681fffff
1126,882d6cb401fffff
1127,882d6cb19bfffff
1128,882d6dd1e5fffff
1129,882d6dd333fffff
1130,882d6dd017fffff
1131,882d6ca461fffff
1132,882d6ca545fffff
1133,8811936b2bfffff
1134,882d6cb5d5fffff
1135,8811936b57fffff
1136,881193682bfffff
1137,882d6ca21dfffff
1138,881193688dfffff
1139,882d6dd089fffff
1140,882d6cb191fffff
1141,882d6cb423fffff
1142,882d6ca019fffff
1143,882d6ca247fffff
1144,8811936b3bfffff
1145,882d6dd0c3fffff
1146,881193681dfffff
1147,882d6dd215fffff
1148,882d6cb4edfffff
1149,882d6ca5d7fffff
1150,882d6cb19dfffff
1151,88119369ddfffff
1152,882d6cb1cbfffff
1153,882d6cb419fffff
1154,882d6dda57fffff
1155,882d6dc249fffff
1156,882d6ca755fffff
1157,882d6ca6e1fffff
1158,882d6ca42bfffff
1159,882d6dd235fffff
1160,882d6ca093fffff
1161,882d6cb0e9fffff
1162,882d6ca6cbfffff
1163,88119369a5fffff
1164,8811936a31fffff
1165,882d6ca5d1fffff
1166,8811936999fffff
1167,882d6ca2a7fffff
1168,882d6cb0c9fffff
1169,882d6cb405fffff
1170,882d6ca2cdfffff
1171,882d6dd03dfffff
1172,882d6ca241fffff
1173,882d6ca5d5fffff
1174,882d6ca5c1fffff
1175,881193683dfffff
1176,882d6cb5e9fffff
1177,882d6ca411fffff
1178,882d6ca553fffff
1179,882d6dd037fffff
1180,882d6cb459fffff
1181,882d6dd22bfffff
1182,882d6ca645fffff
1183,882d6dd16dfffff
1184,882d6ddac9fffff
1185,882d6cb4d1fffff
1186,882d6ddadbfffff
1187,882d6ca5d3fffff
1188,882d6dd341fffff
1189,882d6dd1c1fffff
1190,882d6cb5edfffff
1191,882d6ca63bfffff
1192,882d6dc259fffff
1193,882d6cb59bfffff
1194,882d6dd137fffff
1195,882d6cb52dfffff
1196,882d6cb559fffff
1197,882d6ca24bfffff
1198,882d6cb46dfffff
1199,8811936a25fffff
1200,882d6dd115fffff
1201,882d6dd0bdfffff
1202,88119368b5fffff
1203,882d6dd015fffff
1204,882d6cb0e1fffff
1205,882d6cb545fffff
1206,882d6dd0c5fffff
1207,882d6cb0c5fffff
1208,882d6dd103fffff
1209,8811936993fffff
1210,8811936a37fffff
1211,882d6ca6e5fffff
1212,882d6dd12bfffff
1213,8811936827fffff
1214,882d6ca6d3fffff
1215,8811936991fffff
1216,882d6ca609fffff
1217,882d6cb5cbfffff
1218,881193695bfffff
1219,882d6dd251fffff
1220,882d6cb6bbfffff
1221,882d6ca223fffff
1222,882d6cb461fffff
1223,882d6dda15fffff
1224,882d6dd129fffff
1225,882d6dd2e7fffff
1226,882d6ca2d3fffff
1227,8811936961fffff
1228,882d6dd081fffff
1229,88119369c1fffff
1230,882d6cb73bfffff
1231,8811936847fffff
1232,882d6cb4b3fffff
1233,882d6cb465fffff
1234,8811936a27fffff
1235,882d6ca54bfffff
1236,8811936b49fffff
1237,882d6cb6b7fffff
1238,882d6cb591fffff
1239,882d6ca485fffff
1240,882d6dd05bfffff
1241,8811936b39fffff
1242,882d6ca237fffff
1243,882d6ca4b3fffff
1244,882d6dd1d7fffff
1245,882d6cb429fffff
1246,882d6cb563fffff
1247,882d6cb5a3fffff
1248,8811936b6dfffff
1249,882d6cb46bfffff
1250,882d6dd12dfffff
1251,882d6ca491fffff
1252,882d6dd067fffff
1253,882d6ca6abfffff
1254,882d6ca685fffff
1255,882d6cb5a1fffff
1256,882d6dda11fffff
1257,882d6ca255fffff
1258,882d6dd361fffff
1259,882d6dd195fffff
1260,882d6ca4edfffff
1261,882d6ca2dbfffff
1262,882d6ca649fffff
1263,882d6ca409fffff
1264,8811936981fffff
1265,882d6ca6e3fffff
1266,8811936b29fffff
1267,882d6cb6abfffff
1268,882d6ca009fffff
1269,8811936963fffff
1270,882d6cb6a9fffff
1271,882d6ca507fffff
1272,882d6cb1b1fffff
1273,8811936819fffff
1274,882d6ca00bfffff
1275,882d6ca741fffff
1276,882d6dd367fffff
1277,882d6cb489fffff
1278,881193695dfffff
1279,882d6ca6edfffff
1280,882d6cb0c3fffff
1281,882d6ca56dfffff
1282,882d6ca761fffff
1283,882d6ca701fffff
1284,882d6dd207fffff
1285,8811936b1dfffff
1286,88119369d9fffff
1287,882d6ca401fffff
1288,882d6ca207fffff
1289,882d6cb099fffff
1290,882d6dd009fffff
1291,882d6ca72bfffff
1292,8811936917fffff
1293,882d6cb199fffff
1294,882d6cb493fffff
1295,882d6cb435fffff
1296,8811936b63fffff
1297,882d6ca25dfffff
1298,882d6cb2b7fffff
1299,8811936945fffff
1300,882d6ca2d7fffff
1301,882d6ca69bfffff
1302,882d6ca737fffff
1303,882d6cb431fffff
1304,882d6ca535fffff
1305,882d6caeddfffff
1306,882d6cb52bfffff
1307,882d6dc245fffff
1308,88119368c5fffff
1309,882d6cb49dfffff
1310,882d6cb5a9fffff
1311,882d6dd15bfffff
1312,882d6cb4d7fffff
1313,882d6dd019fffff
1314,882d6ca45bfffff
1315,882d6cb541fffff
1316,88119369b5fffff
1317,882d6dd153fffff
1318,882d6ca715fffff
1319,882d6dd163fffff
1320,8811936a29fffff
1321,882d6dc265fffff
1322,882d6cb55bfffff
1323,882d6dd233fffff
1324,882d6cb4d3fffff
1325,882d6dd21dfffff
1326,882d6dd035fffff
1327,882d6dc24bfffff
1328,882d6ca745fffff
1329,882d6dd321fffff
1330,882d6cb5d9fffff
1331,8811936b2dfffff
1332,882d6cb02bfffff
1333,882d6dd101fffff
1334,882d6ca61dfffff
1335,882d6ca53bfffff
1336,882d6ca451fffff
1337,882d6ca415fffff
1338,882d6dd1bbfffff
1339,882d6cb739fffff
1340,8811936851fffff
1341,882d6dd255fffff
1342,882d6cb40bfffff
1343,88119369b7fffff
1344,882d6cb1d3fffff
1345,882d6ca4d9fffff
1346,882d6ca497fffff
1347,882d6dd185fffff
1348,882d6ca423fffff
1349,882d6ca637fffff
1350,882d6dd16bfffff
1351,88119369adfffff
1352,882d6dd261fffff
1353,882d6ca053fffff
1354,882d6ca6b1fffff
1355,881193699dfffff
1356,882d6cb519fffff
1357,882d6cb0d7fffff
1358,882d6dd267fffff
1359,882d6dd105fffff
1360,882d6dd063fffff
1361,882d6cb59dfffff
1362,882d6dd0d9fffff
1363,882d6ca743fffff
1364,882d6ca721fffff
1365,882d6ca75dfffff
1366,882d6cb72dfffff
1367,882d6dd013fffff
1368,882d6ca76dfffff
1369,882d6ca4d3fffff
1370,882d6dd2e3fffff
1371,8811936969fffff
1372,882d6cb527fffff
1373,8811936927fffff
1374,882d6dd0adfffff
1375,882d6dd023fffff
1376,88119368abfffff
1377,882d6ca4a7fffff
1378,882d6ca537fffff
1379,8811936931fffff
1380,882d6cb531fffff
1381,882d6ca099fffff
1382,882d6dd19dfffff
1383,882d6ca2c7fffff
1384,882d6ca70bfffff
1385,882d6cb733fffff
1386,882d6ca739fffff
1387,882d6dd33dfffff
1388,882d6dd309fffff
1389,882d6dd0a7fffff
1390,8811936a65fffff
1391,882d6ca50dfffff
1392,882d6ca0c9fffff
1393,882d6ca655fffff
1394,882d6cb557fffff
1395,882d6ca26bfffff
1396,88119369abfffff
1397,881193692bfffff
1398,88119369e5fffff
1399,882d6cb5b3fffff
1400,882d6cb0a7fffff
1401,882d6ca257fffff
1402,882d6cb453fffff
1403,882d6ca08bfffff
1404,882d6dd0cdfffff
1405,882d6ca291fffff
1406,882d6dd007fffff
1407,882d6dd239fffff
1408,882d6ca621fffff
